1500200258
1500200741
1500200742
1500201080
1500201082
1500201090
1500201098
1500201101
1500201106
1500201111
1500201112
1500201113
1500201116
1500201120
1500201125
1500201126
1500201191
1500201198
1500201202
1500201203
1500201208
1500201213
1500201230
1500201242
1500201282
1500201284
1500201288
1500201324
1500201347
1500201359
1500201404
1500201405
1500201444
1500201388
1500201395
1500201416
1500201420
1500201422
1500201424
1500201457
1500201467
1500201471
1500201472
1500201473
1500201478
1500201481
1500201510
1500201522
1500201526
1500201536
1500201546
1500201547
1500201548
1500201550
1500201552
1500201582
1500201592
1500201601
1500201613
1500201615
1500201630
1500201632
1500201633
1500201636
1500201668
1500201675
1500201677
1500201681
1500201682
1500201684
1500201691
1500201701
1500201704
1500201705
1500201712
1500201715
1500201717
1500201719
1500201720
1500201726
1500201729
1500201731
1500201733
1500201735
1500201737
1500201743
1500201745
1500201751
1500201759
1500201765
1500201814
1500201818
1500201819
1500201820
1500201822
1500201824
1500201826
1500201830
1500201833
1500201851
1500201857
1500201858
1500201886